1851650494
1852365291
1855815720
1843604981
1852062226
1852860388
1849646202
1855179597
1851292727
1856758254
1856220270
1847146706
1855745802
1854105654
1850685828
1849839359
1853939751
1848188826
1854354887
1850629008
1853908747
1839794699
1856633196
1856644449
1851694436
1854926964
1854058020
1851865256
1850740750
1853388305
1854321517
1849120713
1852765494
1853056042
1847944586
1855978796
1848518074
1848652088
1853566813
1855739615
1852945127
1856037216
1849825684
1850517587
1853570819
1856140093
1850110312
1846480102
1848967030
1854051572
1854725166
1846940325
1848865556
1852998041
1853363806
1851429642
1855437406
1847061232
1850608458
1848436850
1856706965
1852631493
1849181588
1849069469
1849192002
1856759722
1849921846
1849757952
1850916857
1850251666
1855509724
1851420363
1856865548
1854199129
1853688815
1854625875
1849281249
1849807248
1850383332
1850910667
1854618094
1854810080
1850391736
1853337306
1851353518
1848150359
1847915775
1848651068
1845307094
1846233359
1846588794
1849235729
1855641214
1823303015
1851026130
1849560024
1853385568
1856866321
1850793037
1850842809
1851014197
1852668362
1850601458
1844691165
1855053997
1850565766
1854786523
1856393515
1846298026
1853062894
1849970030
1854038817
1847871892
1846851269
1849334522
1851856280
1846125538
1846427684
1856232369
1846949347
1854647496
1851339980
1846514073
1847801794
1852885746
1850099054
1850860687
1854146480
1854790971
1851411442
1847875298
1850011888
1848317767
1849115495
1845730619
1850430467
1849812993
1856724891
1849292009
1851902172
1852045632
1850640449
1848989805
1849796640
1853364038
1852407960
1856456388
1847918603
1849746506
1852545314
1855388806
1852057605
1850322110
1835552444
1854297633
1850153202
1845469831
1856098870
1850717795
1854359001
1850122026
1848422755
1852829075
1851772928
1847099550
1847764498
1851850544
1845341095
1847015458
1852162924
1851519225
1854417833
1852468065
1849942861
1852631053
1851274060
1846917210
1847934595
1855983477
1854150279
1849432810
1849616937
1845666366
1852385623
1849111675
1852866317
1850250541
1848787629
1851002954
1856109199
1850681339
1853122159
1855060134
1848032886
1855815734
1851694454
1850715223
1848919183
1853327837
1847142016
1855644779
1850287637
1847344061
1847743348
1855776864
1854702058
1855584882
1850785604
1851222989
1854655822
1853151283
1853048399
1853904081
1855745922
1852716874
1854384426
1845499198
1846348977
1848447308
1844165418
1845920840
1854609062
1848436656
1847627658
1847691162
1852644001
1851204125
1847722951
1847796288
1854498570
1856678928
1850888435
1846326667
1849744525
1849790827
1855921551
1848193201
1846970997
1848487925
1852208608
1855563135
1855844842
1855423489
1849506671
1847297322
1853921862
1855844977
1854456507
1855928580
1846417483
1849526424
1853133305
1847753312
1849566314
1853482757
1855767925
1852560285
1852464705
1849337844
1849593190
1852770161
1846816912
1852115912
1850837994
1854956546
1849824002
1856491063
1848862852
1854052802
1856867223
1846287680
1848899591
1850695125
1853598320
1848851609
1848105268
1855283027
1850970311
1853531390
1851220329
1854971873
1847503387
1853920978
1853941217
1852063154
1845767376
1849386952
1848900433
1841478747
1851730708
1852659181
1846529860
1855323303
1843447664
1854388274
1855912614
1845469692
1850824638
1849792448
1853849013
1849839350
1849297108
1849009446
1853059606
1847710684
1854759744
1850805005
1848559439
1856388620
1851704159
1856157719
1849711230
1856332461
1856120734
1854397405
1854461518
1849251544
1853090255
1847915932
1856473140
1848486359
1856166515
1847029425
1844268496
1855866599
1851955484
1853050312
1853594179
1849683123
1853069052
1851568833
1849840392
1839957409
1848919683
1846999096
1853920335
1851015427
1851831372
1848600040
1856026788
1852018678
1848221333
1853475539
1845205401
1855264492
1854598899
1851901326
1845142781
1853367280
1855483934
1856501495
1854732074
1855873862
1852453866
1856842873
1856470102
1853272422
1855330485
1847060644
1845917333
1853179643
1853328446
1856992927
1851274658
1847821842
1855734816
1854377279
1851458356
1829578500
1848223667
1751022641
1854940602
1854693830
1856049130
1852489218
1856757911
1849728348
1856270622
1848737812
1856483549
1850910228
1855527985
1854736305
1852534329
1853506051
1854157417
1845054871
1853869749
1847685514
1855630890
1850975418
1855781399
1846272168
1846542512
1845797370
1854329579
1850950078
1849726180
1853150301
1846435212
1847447378
1847600184
1851807742
1850290235
1854209521
1851690378
1839647019
1852119087
1854552341
1850316011
1845416787
1849251369
1851151474
1852623906
1852567218
1852942045
1849041256
1847696834
1845728165
1855326310
1849212588
1845409392
1852973289
1853801235
1851840871
1845652785
1848408377
1852658143
1854869332
1855749466
1850405313
1848177923
1848395227
1853219544
1852883900
1846495494
1847856741
1853385003
1850532032
1851974276
1853301418
1853887885
1851595862
1849489043
1851320508
1852646691
1852388368
1846820270
1843264885
1855263432
1846236281
1854794601
1854050166
1848009710
1853188109
1849323680
1853338529
1850946369
1856435574
1852554701
1851745561
1850079741
1851837606
1852037129
1849444015
1853733025
1853640883
1849667112
1846356855
1849001417
1852169536
1848068571
1856077428
1855814548
1845588068
1853548508
1847903095
1849686789
1853670742
1854224274
1850717740
1816286273
1851933875
1856358238
1853210415
1849309635
1853370584
1852270555
1846805020
1851213057
1854146953
1848679742
1845861401
1840738338
1855121085
1838998841
1855054121
1850275616
1855429648
1856747891
1853920126
1853038095
1848094481
1849082609
1849425900
1850000335
1852090615
1850978544
1837998179
1851387219
1848555379
1854000428
1853138711
1852396242
1850090975
1849493792
1855830615
1848917778
1854337383
1854594843
1855125247
1854793535
1848714498
1856044588
1849521425
1852717379
1851667931
1850039366
1800449651
1847583103
1854756494
1856802539
1853573688
1854838224
1854749789
1837076544
1852207558
1847658624
1848872641
1853568683
1848850088
1853007544
1851971240
1851207655
1848912242
1854343387
1856560219
1850637894
1855814580
1853963358
1850597943
1855377844
1847035818
1856243467
1854257887
1849132154
1853158702
1848688894
1849884382
1855918342
1851659954
1853421294
1855229912
1850904277
1849827366
1848857063
1850555094
1854468719
1848436408
1853696066
1850309931
1849320052
1853039512
1851428055
1849620469
1853499716
1849222963
1855419640
1852421419
1850265016
1849728964
1849788837
1853607063
1848228837
1854065317
1848893889
1851732088
1850843265
1854059927
1848306088
1856390955
1849773158
1856649648
1849084743
1852329326
1856756929
1850987929
1851403561
1853086050
1853792746
1847895746
1854935845
1851656659
1847141736
1856040737
1856242585
1846668178
1848623132
1850352488
1855450727
1850318756
1848024520
1851253018
1849903584
1849907797
1856765997
1852937456
1848396982
1856483053
1853800044
1845831477
1853033372
1850890931
1855808045
1847891640
1853599902
1850949608
1853545050
1849703592
1849129074
1849198962
1849742817
1847695051
1847823417
1849123310
1856874312
1852953481
1849531934
1854632303
1854899070
1841120938
1853102672
1851867460
1850567220
1852341961
1854521158
1849941464
1852812638
1847725705
1856772784
1846686602
1849375071
1854141732
1854616009
1854877026
1847583646
1852874981
1855492246
1847725703
1847547092
1855226551
1853125617
1855450500
1849716701
1849605537
1856290084
1851524779
1845759889
1848000613
1823568850
1847985966
1856346854
1853300530
1853304799
1848592979
1849015895
1843480462
1850530963
1850704002
1855071763
1856953737
1807871943
1847793016
1848315445
1850479899
1854569076
1855761055
1856871549
1853247914
1841604462
1853903658
1851286962
1852014082
1801547187
1854136704
1854538214
1856036938
1854276754
1854044500
1849012492
1851488493
1852746436
1850126892
1846271539
1852718427
1853883798
1854871317
1855151836
1852471455
1854868415
1852605849
1855821879
1853840142
1850178617
1848999564
1851310723
1848101369
1852886696
1847396106
1855794911
1847138633
1845426849
1856747651
1853060029
1853096781
1850605766
1848549902
1850859081
1856765589
1852623911
1850768612
1855466426
1849202865
1846026091
1850499861
1840893711
1854660613
1854636498
1845711286
1850312877
1856335733
1850436357
1849251337
1850456231
1851342780
1856820560
1849644854
1852547508
1855599315
1851717056
1849291402
1850373351
1856037867
1849938684
1851444102
1849986747
1842813624
1856572930
1847216765
1851037471
1851809963
1855850849
1847916230
1853993003
1851035627
1849015982
1852273100
1854643224
1852639712
1851398561
1854206074
1848743349
1856151327
1856487166
1850778928
1852162684
1849390191
1854748557
1849122107
1855711969
1853074440
1845993518
1851952352
1851968492
1849944279
1853579857
1849780938
1850732730
1856609646
1851204516
1852084700
1855181270
1854946567
1852054891
1856421372
1850928512
1853609224
1853515579
1850844118
1850148250
1852131936
1852841097
1852385385
1851667854
1848323510
1850291148
1849122511
1845978837
1850269875
1848729657
1856145187
1856461494
1856682933
1851111140
1845558095
1854638896
1853764936
1849399764
1855469372
1853033942
1852348959
1848833285
1855845134
1853943879
1847901119
1856385263
1855318245
1840739226
1855787034
1847528350
1845612981
1856149347
1848094446
1849045659
1851071936
1852777456
1849286910
1849635902
1849700776
1853155258
1848908237
1856234694
1855003876
1855092551
1847448156
1855426665
1852555716
1850694665
1853759150
1848171177
1849518228
1853938931
1847802161
1849521602
1850794445
1853413051
1855940239
1839551591
1850952696
1854439656
1853707774
1852637588
1849709031
1849278051
1856142187
1851734409
1847549916
1848190100
1846335214
1850207260
1845223487
1851136514
1854847475
1846538413
1849411670
1849915318
1851724083
1853979635
1848007313
1856536445
1854283294
1849110357
1852147244
1855338715
1849190774
1855747310
1847300114
1848819132
1849134055
1851621668
1849788237
1856424516
1856126180
1852733715
1854259406
1851687446
1849858987
1851501683
1856607868
1850306014
1851805848
1855745444
1856602975
1852583463
1856731551
1854870962
1856342162
1848301570
1846146038
1847445882
1850827412
1845037454
1849821089
1856685012
1851139290
1853467687
1848986555
1854876821
1856646444
1849788660
1853388649
1854495747
1848541224
1850510693
1849252850
1847971565
1846609555
1852342677
1847518427
1847421550
1839178385
1853358008
1849133603
1848694477
1852728867
1852674516
1847805226
1847449987
1850776396
1854101662
1849670654
1854759860
1851395112
1852736520
1854818221
1853584483
1855844550
1847148837
1846120901
1846517210
1849345343
1847888708
1854669628
1855950780
1851179251
1849172113
1850817921
1845823530
1836939455
1855815725
1850492021
1853666514
1855820440
1847666720
1855743843
1847058568
1851431984
1848865314
1845845686
1854149778
1848989762
1847794309
1856102674
1845356010
1848623295
1850420864
1851589080
1836837965
1852895675
1854613036
1850624097
1855583360
1852337785
1847830708
1849580854
1850555697
1850669629
1854502230
1849247356
1846415568
1851538080
1856873006
1855443545
1853998267
1849533028
1856138119
1851702548
1846916898
1849189655
1848842774
1848347424
1852128939
1850185035
1852990755
1851356927
1846967869
1849292569
1851950904
1856690260
1853841646
1851711585
1852529523
1850183388
1851666374
1851902565
1851313166
1847685614
1854214254
1847944252
1850500363
1848794290
1852441864
1850221421
1854027547
1848701295
1855028558
1854091379
1856563529
1847989387
1849124879
1849107054
1851815909
1850233717
1854513702
1852981572
1852993589
1854740126
1846222393
1850495355
1854056716
1845933540
1853150370
1831517785
1850470958
1855643389
1856154732
1848149201
1852938080
1852826777
1853039343
1856164048
1850088767
1853858376
1851738459
1856804713
1854010155
1848833340
1850350393
1855424582
1853488222
1851538989
1849824310
1855675030
1829609733
1849711551
1855429242
1855957886
1853400867
1850572047
1849291440
1841054580
1856043912
1850609739
1847951530
1854524743
1848325450
1852777373
1855669385
